@slot 1
@character
2.000000
20.000000
38.000000
4.000000
1.000000
55.000000
55.000000
6.000000
0.000000
0.184000
1.700000
0.120000
0.000000
0.000000
0.000000
0.000000
0.000000
0.000000
0.000000
0.000000
@maze






























@username
asd
@slot 2
@character
0.000000
11.000000
18.000000
3.000000
1.000000
100.000000
100.000000
5.000000
0.000000
0.150000
1.500000
0.100000
0.000000
0.000000
0.000000
0.000000
0.000000
0.000000
0.000000
0.000000
@maze






























@username
asd
@slot 3
@character
1.000000
44.000000
28.000000
4.000000
3.000000
3.000000
3.000000
3.000000
3.000000
3.000000
3.000000
3.000000
3.000000
3.000000
3.000000
3.000000
3.000000
3.000000
3.000000
3.000000
@maze






























@username
john